Mean= 949.9836883544922
Variance= 134935.86766911074